20 9
0.1206 0.1067 0.0005 0.1160 0.0338 0.1003 0.0112 0.0209 0.0008 0.0658 0.0122 0.0002 0.0005 0.0219 0.0571 0.0044 0.0005 0.0018 0.0008 0.0939 0.0162 
0.0061 0.6401 0.1422 3.4930 0.1181 0.5734 2.9878 0.7922 1.0466 0.1167 0.2356 0.2066 0.2372 0.7758 0.5663 1.1345 0.2870 2.3103 0.2428 0.2374 0.1340 
0.1222 0.1697 0.2209 0.4218 0.0144 0.1101 0.0217 0.0470 0.0011 0.0040 0.3621 0.0002 0.0970 0.6368 0.4338 0.0770 0.0979 0.0027 0.6304 0.0249 0.0029 
0.0892 0.0138 0.0009 0.1255 0.0019 0.0077 0.1569 0.0934 0.1412 0.0006 0.0018 0.0602 0.0104 0.0203 0.0073 0.0698 0.0085 0.1519 0.0030 0.0014 0.0344 
0.2931 0.0012 0.0608 0.0482 0.0001 0.0008 0.0002 0.0004 0.0001 0.0001 0.1270 0.0001 0.0098 0.0819 0.0619 0.0009 0.0243 0.0001 0.3075 0.0001 0.0001 
0.1027 0.0870 0.1654 0.9139 0.0081 0.0526 0.2830 0.3382 0.0202 0.0029 0.1051 0.0014 0.3509 0.9256 0.1516 0.5037 0.3548 0.0918 0.5718 0.0182 0.0403 
0.0173 1.4519 0.0950 4.6168 0.0770 1.2870 0.2580 0.2834 0.0768 0.3287 0.1938 0.0527 0.1312 0.6392 0.9591 0.2069 0.1238 0.1256 0.1605 0.7468 0.0707 
0.1001 0.0919 0.0410 3.9701 0.0073 0.0319 0.0515 0.0807 0.0013 0.0007 0.0093 0.0002 0.0193 0.5946 0.0588 0.0371 0.0093 0.0062 0.1543 0.0073 0.0214 
0.1487 0.0013 0.0646 0.0522 0.0004 0.0007 0.0105 0.0147 0.0006 0.0003 0.0417 0.0005 0.1561 0.0977 0.0235 0.1144 0.4455 0.0008 0.3284 0.0005 0.0006 
